[4]
[22]
[5]
[1]
[4]
[4]
[4]
[4]
[10]
[2]
[5]
[4]
[1]
[1]
[1]
[3]
[1]
[12]
[15]
[12]
[12]
[7]
[1]
[3]
[12]
[1]
[7]
[2]
[14]
[10]
[3]
[3]
[1]
[3]
[13]
[1]
[1]
[4]
[2]
[9]
[12]
[2]
[3]
[6]
[4]
[4]
[1]
[8]
[14]
[2]
[3]
[23]
[2]
[2]
[2]
[3]
[3]
[1]
[1]
[5]
[11]
[1]
[12]
[7]
[7]
[7]
[16]
[11]
[3]
[8]
[14]
[1]
[8]
[10]
[12]
[2]
[7]
[9]
[7]
[12]
[9]
[1]
[12]
[9]
[1]
[3]
[1]
[7]
[10]
[4]
[8]
[3]
[4]
[7]
[15]
[15]
[7]
[3]
[9]
[1]
[23]
[11]
[1]
[3]
[15]
[3]
[1]
[12]
[7]
[4]
[5]
[2]
[5]
[15]
[8]
[7]
[5]
[3]
[23]
[1]
[4]
[5]
[3]
[2]
[6]
[9]
[5]
[19]
[10]
[17]
[9]
[8]
[1]
[1]
[1]
[6]
[26]
[21]
[9]
[1]
[1]
[10]
[2]
[2]
[2]
[6]
[2]
[4]
[2]
[14]
[1]
[3]
[9]
[11]
[2]
[16]
[3]
[3]
[4]
[8]
[13]
[4]
[17]
[11]
[1]
[8]
[7]
[2]
[1]
[10]
[10]
[25]
[8]
[9]
[10]
[1]
[3]
[1]
[6]
[2]
[3]
[1]
[12]
[2]
[7]
[5]
[1]
[2]
[6]
[9]
[1]
[13]
[15]
[1]
[6]
[8]
[8]
[1]
[4]
[2]
[8]
[1]
[6]
[2]
[12]
[5]
[9]
[9]
[2]
[5]
[6]
[6]
[3]
[1]
[2]
[2]
[5]
[4]
[2]
[4]
[5]
[6]
[20]
[2]
[5]
[4]
[22]
[5]
[1]
[4]
[4]
[4]
[4]
[10]
[2]
[5]
[4]
[1]
[1]
[1]
[3]
[1]
[12]
[15]
[12]
[12]
[7]
[1]
[3]
[12]
[1]
[7]
[2]
[14]
[10]
[3]
[3]
[1]
[3]
[13]
[1]
[1]
[4]
[2]
[9]
[12]
[2]
[3]
[6]
[4]
[4]
[1]
[8]
[14]
[2]
[3]
[23]
[2]
[2]
[2]
[3]
[3]
[1]
[1]
[5]
[11]
[1]
[12]
[7]
[7]
[7]
[16]
[11]
[3]
[8]
[14]
[1]
[8]
[10]
[12]
[2]
[7]
[9]
[7]
[12]
[9]
[1]
[12]
[9]
[1]
[3]
[1]
[7]
[10]
[4]
[8]
[3]
[4]
[7]
[15]
[15]
[7]
[3]
[9]
[1]
[23]
[11]
[1]
[3]
[15]
[3]
[1]
[12]
[7]
[4]
[5]
[2]
[5]
[15]
[8]
[7]
[5]
[3]
[23]
[1]
[4]
[5]
[3]
[2]
[6]
[9]
[5]
[19]
[10]
[17]
[9]
[8]
[1]
[1]
[1]
[6]
[26]
[21]
[9]
[1]
[1]
[10]
[2]
[2]
[2]
[6]
[2]
[4]
[2]
[14]
[1]
[3]
[9]
[11]
[2]
[16]
[3]
[3]
[4]
[8]
[13]
[4]
[17]
[11]
[1]
[8]
[7]
[2]
[1]
[10]
[10]
[25]
[8]
[9]
[10]
[1]
[3]
[1]
[6]
[2]
[3]
[1]
[12]
[2]
[7]
[5]
[1]
[2]
[6]
[9]
[1]
[13]
[15]
[1]
[6]
[8]
[8]
[1]
[4]
[2]
[8]
[1]
[6]
[2]
[12]
[5]
[9]
[9]
[2]
[5]
[6]
[6]
[3]
[1]
[2]
[2]
[5]
[4]
[2]
[4]
[5]
[6]
[20]
[2]
[5]
[4]
[22]
[5]
[1]
[4]
[4]
[4]
[4]
[10]
[2]
[5]
[4]
[1]
[1]
[1]
[3]
[1]
[12]
[15]
[12]
[12]
[7]
[1]
[3]
[12]
[1]
[7]
[2]
[14]
[10]
[3]
[3]
[1]
[3]
[13]
[1]
[1]
[4]
[2]
[9]
[12]
[2]
[3]
[6]
[4]
[4]
[1]
[8]
[14]
[2]
[3]
[23]
[2]
[2]
[2]
[3]
[3]
[1]
[1]
[5]
[11]
[1]
[12]
[7]
[7]
[7]
[16]
[11]
[3]
[8]
[14]
[1]
[8]
[10]
[12]
[2]
[7]
[9]
[7]
[12]
[9]
[1]
[12]
[9]
[1]
[3]
[1]
[7]
[10]
[4]
[8]
[3]
[4]
[7]
[15]
[15]
[7]
[3]
[9]
[1]
[23]
[11]
[1]
[3]
[15]
[3]
[1]
[12]
[7]
[4]
[5]
[2]
[5]
[15]
[8]
[7]
[5]
[3]
[23]
[1]
[4]
[5]
[3]
[2]
[6]
[9]
[5]
[19]
[10]
[17]
[9]
[8]
[1]
[1]
[1]
[6]
[26]
[21]
[9]
[1]
[1]
[10]
[2]
[2]
[2]
[6]
[2]
[4]
[2]
[14]
[1]
[3]
[9]
[11]
[2]
[16]
[3]
[3]
[4]
[8]
[13]
[4]
[17]
[11]
[1]
[8]
[7]
[2]
[1]
[10]
[10]
[25]
[8]
[9]
[10]
[1]
[3]
[1]
[6]
[2]
[3]
[1]
[12]
[2]
[7]
[5]
[1]
[2]
[6]
[9]
[1]
[13]
[15]
[1]
[6]
[8]
[8]
[1]
[4]
[2]
[8]
[1]
[6]
[2]
[12]
[5]
[9]
[9]
[2]
[5]
[6]
[6]
[3]
[1]
[2]
[2]
[5]
[4]
[2]
[4]
[5]
[6]
[20]
[2]
[5]
[4]
[22]
[5]
[1]
[4]
[4]
[4]
[4]
[10]
[2]
[5]
[4]
[1]
[1]
[1]
[3]
[1]
[12]
[15]
[12]
[12]
[7]
[1]
[3]
[12]
[1]
[7]
[2]
[14]
[10]
[3]
[3]
[1]
[3]
[13]
[1]
[1]
[4]
[2]
[9]
[12]
[2]
[3]
[6]
[4]
[4]
[1]
[8]
[14]
[2]
[3]
[23]
[2]
[2]
[2]
[3]
[3]
[1]
[1]
[5]
[11]
[1]
[12]
[7]
[7]
[7]
[16]
[11]
[3]
[8]
[14]
[1]
[8]
[10]
[12]
[2]
[7]
[9]
[7]
[12]
[9]
[1]
[12]
[9]
[1]
[3]
[1]
[7]
[10]
[4]
[8]
[3]
[4]
[7]
[15]
[15]
[7]
[3]
[9]
[1]
[23]
[11]
[1]
[3]
[15]
[3]
[1]
[12]
[7]
[4]
[5]
[2]
[5]
[15]
[8]
[7]
[5]
[3]
[23]
[1]
[4]
[5]
[3]
[2]
[6]
[9]
[5]
[19]
[10]
[17]
[9]
[8]
[1]
[1]
[1]
[6]
[26]
[21]
[9]
[1]
[1]
[10]
[2]
[2]
[2]
[6]
[2]
[4]
[2]
[14]
[1]
[3]
[9]
[11]
[2]
[16]
[3]
[3]
[4]
[8]
[13]
[4]
[17]
[11]
[1]
[8]
[7]
[2]
[1]
[10]
[10]
[25]
[8]
[9]
[10]
[1]
[3]
[1]
[6]
[2]
[3]
[1]
[12]
[2]
[7]
[5]
[1]
[2]
[6]
[9]
[1]
[13]
[15]
[1]
[6]
[8]
[8]
[1]
[4]
[2]
[8]
[1]
[6]
[2]
[12]
[5]
[9]
[9]
[2]
[5]
[6]
[6]
[3]
[1]
[2]
[2]
[5]
[4]
[2]
[4]
[5]
[6]
[20]
[2]
[5]
[4]
[22]
[5]
[1]
[4]
[4]
[4]
[4]
[10]
[2]
[5]
[4]
[1]
[1]
[1]
[3]
[1]
[12]
[15]
[12]
[12]
[7]
[1]
[3]
[12]
[1]
[7]
[2]
[14]
[10]
[3]
[3]
[1]
[3]
[13]
[1]
[1]
[4]
[2]
[9]
[12]
[2]
[3]
[6]
[4]
[4]
[1]
[8]
[14]
[2]
[3]
[23]
[2]
[2]
[2]
[3]
[3]
[1]
[1]
[5]
[11]
[1]
[12]
[7]
[7]
[7]
[16]
[11]
[3]
[8]
[14]
[1]
[8]
[10]
[12]
[2]
[7]
[9]
[7]
[12]
[9]
[1]
[12]
[9]
[1]
[3]
[1]
[7]
[10]
[4]
[8]
[3]
[4]
[7]
[15]
[15]
[7]
[3]
[9]
[1]
[23]
[11]
[1]
[3]
[15]
[3]
[1]
[12]
[7]
[4]
[5]
[2]
[5]
[15]
[8]
[7]
[5]
[3]
[23]
[1]
[4]
[5]
[3]
[2]
[6]
[9]
[5]
[19]
[10]
[17]
[9]
[8]
[1]
[1]
[1]
[6]
[26]
[21]
[9]
[1]
[1]
[10]
[2]
[2]
[2]
[6]
[2]
[4]
[2]
[14]
[1]
[3]
[9]
[11]
[2]
[16]
[3]
[3]
[4]
[8]
[13]
[4]
[17]
[11]
[1]
[8]
[7]
[2]
[1]
[10]
[10]
[25]
[8]
[9]
[10]
[1]
[3]
[1]
[6]
[2]
[3]
[1]
[12]
[2]
[7]
[5]
[1]
[2]
[6]
[9]
[1]
[13]
[15]
[1]
[6]
[8]
[8]
[1]
[4]
[2]
[8]
[1]
[6]
[2]
[12]
[5]
[9]
[9]
[2]
[5]
[6]
[6]
[3]
[1]
[2]
[2]
[5]
[4]
[2]
[4]
[5]
[6]
[20]
[2]
[5]
