[1]
[3]
[11]
[4]
[3]
[4]
[7]
[4]
[2]
[8]
[6]
[6]
[5]
[2]
[2]
[5]
[1]
[2]
[1]
[2]
[8]
[16]
[8]
[8]
[5]
[4]
[5]
[9]
[8]
[6]
[11]
[1]
[6]
[1]
[13]
[5]
[1]
[1]
[1]
[13]
[4]
[2]
[7]
[1]
[18]
[1]
[3]
[5]
[4]
[7]
[15]
[10]
[2]
[3]
[2]
[13]
[2]
[1]
[4]
[7]
[4]
[1]
[5]
[6]
[11]
[1]
[10]
[7]
[7]
[7]
[5]
[7]
[3]
[3]
[1]
[1]
[12]
[6]
[3]
[10]
[5]
[7]
[8]
[1]
[18]
[12]
[1]
[4]
[12]
[15]
[2]
[2]
[7]
[5]
[5]
[2]
[9]
[3]
[4]
[6]
[9]
[21]
[6]
[2]
[5]
[3]
[21]
[10]
[2]
[1]
[10]
[6]
[3]
[9]
[1]
[5]
[3]
[1]
[4]
[5]
[20]
[12]
[2]
[10]
[6]
[11]
[3]
[5]
[4]
[1]
[4]
[2]
[7]
[3]
[7]
[22]
[13]
[11]
[6]
[1]
[2]
[9]
[17]
[20]
[1]
[2]
[10]
[1]
[2]
[5]
[1]
[2]
[4]
[1]
[4]
[14]
[2]
[2]
[4]
[6]
[3]
[6]
[2]
[1]
[2]
[1]
[4]
[10]
[4]
[13]
[5]
[2]
[7]
[11]
[4]
[5]
[15]
[21]
[9]
[6]
[3]
[7]
[3]
[1]
[2]
[3]
[1]
[1]
[1]
[1]
[1]
[4]
[2]
[6]
[4]
[2]
[3]
[6]
[2]
[12]
[14]
[4]
[2]
[8]
[6]
[5]
[1]
[5]
[3]
[6]
[5]
[4]
[1]
[16]
[6]
[5]
[3]
[6]
[3]
[11]
[1]
[5]
[1]
[5]
[1]
[2]
[2]
[3]
[3]
[4]
[7]
[5]
[1]
[6]
[2]
[11]
[1]
[6]
[1]
[3]
[11]
[4]
[3]
[4]
[7]
[4]
[2]
[8]
[6]
[6]
[5]
[2]
[2]
[5]
[1]
[2]
[1]
[2]
[8]
[16]
[8]
[8]
[5]
[4]
[5]
[9]
[8]
[6]
[11]
[1]
[6]
[1]
[13]
[5]
[1]
[1]
[1]
[13]
[4]
[2]
[7]
[1]
[18]
[1]
[3]
[5]
[4]
[7]
[15]
[10]
[2]
[3]
[2]
[13]
[2]
[1]
[4]
[7]
[4]
[1]
[5]
[6]
[11]
[1]
[10]
[7]
[7]
[7]
[5]
[7]
[3]
[3]
[1]
[1]
[12]
[6]
[3]
[10]
[5]
[7]
[8]
[1]
[18]
[12]
[1]
[4]
[12]
[15]
[2]
[2]
[7]
[5]
[5]
[2]
[9]
[3]
[4]
[6]
[9]
[21]
[6]
[2]
[5]
[3]
[21]
[10]
[2]
[1]
[10]
[6]
[3]
[9]
[1]
[5]
[3]
[1]
[4]
[5]
[20]
[12]
[2]
[10]
[6]
[11]
[3]
[5]
[4]
[1]
[4]
[2]
[7]
[3]
[7]
[22]
[13]
[11]
[6]
[1]
[2]
[9]
[17]
[20]
[1]
[2]
[10]
[1]
[2]
[5]
[1]
[2]
[4]
[1]
[4]
[14]
[2]
[2]
[4]
[6]
[3]
[6]
[2]
[1]
[2]
[1]
[4]
[10]
[4]
[13]
[5]
[2]
[7]
[11]
[4]
[5]
[15]
[21]
[9]
[6]
[3]
[7]
[3]
[1]
[2]
[3]
[1]
[1]
[1]
[1]
[1]
[4]
[2]
[6]
[4]
[2]
[3]
[6]
[2]
[12]
[14]
[4]
[2]
[8]
[6]
[5]
[1]
[5]
[3]
[6]
[5]
[4]
[1]
[16]
[6]
[5]
[3]
[6]
[3]
[11]
[1]
[5]
[1]
[5]
[1]
[2]
[2]
[3]
[3]
[4]
[7]
[5]
[1]
[6]
[2]
[11]
[1]
[6]
