[4]
[4]
[3]
[3]
[26]
[4]
[5]
[7]
[11]
[2]
[16]
[4]
[6]
[5]
[1]
[1]
[1]
[2]
[9]
[6]
[1]
[4]
[20]
[32]
[19]
[23]
[6]
[2]
[3]
[5]
[7]
[12]
[33]
[3]
[28]
[3]
[13]
[8]
[5]
[1]
[4]
[19]
[5]
[1]
[12]
[2]
[25]
[12]
[8]
[7]
[7]
[4]
[7]
[4]
[16]
[15]
[5]
[3]
[2]
[8]
[20]
[4]
[8]
[7]
[2]
[4]
[1]
[2]
[7]
[17]
[2]
[26]
[13]
[9]
[14]
[16]
[12]
[8]
[13]
[24]
[5]
[29]
[21]
[2]
[26]
[14]
[13]
[9]
[10]
[10]
[5]
[3]
[7]
[13]
[8]
[2]
[3]
[2]
[12]
[17]
[10]
[5]
[24]
[8]
[7]
[9]
[13]
[30]
[28]
[3]
[8]
[5]
[66]
[21]
[6]
[8]
[21]
[2]
[2]
[3]
[4]
[22]
[11]
[2]
[2]
[3]
[3]
[3]
[40]
[10]
[10]
[6]
[14]
[56]
[2]
[3]
[2]
[5]
[8]
[4]
[11]
[2]
[18]
[6]
[4]
[10]
[23]
[16]
[29]
[24]
[7]
[2]
[9]
[34]
[37]
[26]
[7]
[3]
[20]
[7]
[9]
[2]
[13]
[1]
[7]
[6]
[31]
[6]
[15]
[29]
[19]
[6]
[21]
[6]
[7]
[8]
[19]
[18]
[4]
[33]
[11]
[12]
[9]
[6]
[2]
[16]
[20]
[55]
[28]
[28]
[15]
[3]
[2]
[1]
[8]
[4]
[5]
[4]
[1]
[1]
[4]
[16]
[4]
[14]
[14]
[1]
[13]
[19]
[7]
[27]
[18]
[1]
[15]
[17]
[14]
[5]
[2]
[7]
[7]
[27]
[4]
[11]
[5]
[58]
[10]
[14]
[5]
[10]
[6]
[12]
[10]
[1]
[9]
[3]
[3]
[11]
[3]
[3]
[7]
[4]
[17]
[11]
[4]
[14]
[1]
[7]
[18]
[22]
[5]
[6]
[4]
[4]
[3]
[3]
[26]
[4]
[5]
[7]
[11]
[2]
[16]
[4]
[6]
[5]
[1]
[1]
[1]
[2]
[9]
[6]
[1]
[4]
[20]
[32]
[19]
[23]
[6]
[2]
[3]
[5]
[7]
[12]
[33]
[3]
[28]
[3]
[13]
[8]
[5]
[1]
[4]
[19]
[5]
[1]
[12]
[2]
[25]
[12]
[8]
[7]
[7]
[4]
[7]
[4]
[16]
[15]
[5]
[3]
[2]
[8]
[20]
[4]
[8]
[7]
[2]
[4]
[1]
[2]
[7]
[17]
[2]
[26]
[13]
[9]
[14]
[16]
[12]
[8]
[13]
[24]
[5]
[29]
[21]
[2]
[26]
[14]
[13]
[9]
[10]
[10]
[5]
[3]
[7]
[13]
[8]
[2]
[3]
[2]
[12]
[17]
[10]
[5]
[24]
[8]
[7]
[9]
[13]
[30]
[28]
[3]
[8]
[5]
[66]
[21]
[6]
[8]
[21]
[2]
[2]
[3]
[4]
[22]
[11]
[2]
[2]
[3]
[3]
[3]
[40]
[10]
[10]
[6]
[14]
[56]
[2]
[3]
[2]
[5]
[8]
[4]
[11]
[2]
[18]
[6]
[4]
[10]
[23]
[16]
[29]
[24]
[7]
[2]
[9]
[34]
[37]
[26]
[7]
[3]
[20]
[7]
[9]
[2]
[13]
[1]
[7]
[6]
[31]
[6]
[15]
[29]
[19]
[6]
[21]
[6]
[7]
[8]
[19]
[18]
[4]
[33]
[11]
[12]
[9]
[6]
[2]
[16]
[20]
[55]
[28]
[28]
[15]
[3]
[2]
[1]
[8]
[4]
[5]
[4]
[1]
[1]
[4]
[16]
[4]
[14]
[14]
[1]
[13]
[19]
[7]
[27]
[18]
[1]
[15]
[17]
[14]
[5]
[2]
[7]
[7]
[27]
[4]
[11]
[5]
[58]
[10]
[14]
[5]
[10]
[6]
[12]
[10]
[1]
[9]
[3]
[3]
[11]
[3]
[3]
[7]
[4]
[17]
[11]
[4]
[14]
[1]
[7]
[18]
[22]
[5]
[6]
[4]
[4]
[3]
[3]
[26]
[4]
[5]
[7]
[11]
[2]
[16]
[4]
[6]
[5]
[1]
[1]
[1]
[2]
[9]
[6]
[1]
[4]
[20]
[32]
[19]
[23]
[6]
[2]
[3]
[5]
[7]
[12]
[33]
[3]
[28]
[3]
[13]
[8]
[5]
[1]
[4]
[19]
[5]
[1]
[12]
[2]
[25]
[12]
[8]
[7]
[7]
[4]
[7]
[4]
[16]
[15]
[5]
[3]
[2]
[8]
[20]
[4]
[8]
[7]
[2]
[4]
[1]
[2]
[7]
[17]
[2]
[26]
[13]
[9]
[14]
[16]
[12]
[8]
[13]
[24]
[5]
[29]
[21]
[2]
[26]
[14]
[13]
[9]
[10]
[10]
[5]
[3]
[7]
[13]
[8]
[2]
[3]
[2]
[12]
[17]
[10]
[5]
[24]
[8]
[7]
[9]
[13]
[30]
[28]
[3]
[8]
[5]
[66]
[21]
[6]
[8]
[21]
[2]
[2]
[3]
[4]
[22]
[11]
[2]
[2]
[3]
[3]
[3]
[40]
[10]
[10]
[6]
[14]
[56]
[2]
[3]
[2]
[5]
[8]
[4]
[11]
[2]
[18]
[6]
[4]
[10]
[23]
[16]
[29]
[24]
[7]
[2]
[9]
[34]
[37]
[26]
[7]
[3]
[20]
[7]
[9]
[2]
[13]
[1]
[7]
[6]
[31]
[6]
[15]
[29]
[19]
[6]
[21]
[6]
[7]
[8]
[19]
[18]
[4]
[33]
[11]
[12]
[9]
[6]
[2]
[16]
[20]
[55]
[28]
[28]
[15]
[3]
[2]
[1]
[8]
[4]
[5]
[4]
[1]
[1]
[4]
[16]
[4]
[14]
[14]
[1]
[13]
[19]
[7]
[27]
[18]
[1]
[15]
[17]
[14]
[5]
[2]
[7]
[7]
[27]
[4]
[11]
[5]
[58]
[10]
[14]
[5]
[10]
[6]
[12]
[10]
[1]
[9]
[3]
[3]
[11]
[3]
[3]
[7]
[4]
[17]
[11]
[4]
[14]
[1]
[7]
[18]
[22]
[5]
[6]
[4]
[4]
[3]
[3]
[26]
[4]
[5]
[7]
[11]
[2]
[16]
[4]
[6]
[5]
[1]
[1]
[1]
[2]
[9]
[6]
[1]
[4]
[20]
[32]
[19]
[23]
[6]
[2]
[3]
[5]
[7]
[12]
[33]
[3]
[28]
[3]
[13]
[8]
[5]
[1]
[4]
[19]
[5]
[1]
[12]
[2]
[25]
[12]
[8]
[7]
[7]
[4]
[7]
[4]
[16]
[15]
[5]
[3]
[2]
[8]
[20]
[4]
[8]
[7]
[2]
[4]
[1]
[2]
[7]
[17]
[2]
[26]
[13]
[9]
[14]
[16]
[12]
[8]
[13]
[24]
[5]
[29]
[21]
[2]
[26]
[14]
[13]
[9]
[10]
[10]
[5]
[3]
[7]
[13]
[8]
[2]
[3]
[2]
[12]
[17]
[10]
[5]
[24]
[8]
[7]
[9]
[13]
[30]
[28]
[3]
[8]
[5]
[66]
[21]
[6]
[8]
[21]
[2]
[2]
[3]
[4]
[22]
[11]
[2]
[2]
[3]
[3]
[3]
[40]
[10]
[10]
[6]
[14]
[56]
[2]
[3]
[2]
[5]
[8]
[4]
[11]
[2]
[18]
[6]
[4]
[10]
[23]
[16]
[29]
[24]
[7]
[2]
[9]
[34]
[37]
[26]
[7]
[3]
[20]
[7]
[9]
[2]
[13]
[1]
[7]
[6]
[31]
[6]
[15]
[29]
[19]
[6]
[21]
[6]
[7]
[8]
[19]
[18]
[4]
[33]
[11]
[12]
[9]
[6]
[2]
[16]
[20]
[55]
[28]
[28]
[15]
[3]
[2]
[1]
[8]
[4]
[5]
[4]
[1]
[1]
[4]
[16]
[4]
[14]
[14]
[1]
[13]
[19]
[7]
[27]
[18]
[1]
[15]
[17]
[14]
[5]
[2]
[7]
[7]
[27]
[4]
[11]
[5]
[58]
[10]
[14]
[5]
[10]
[6]
[12]
[10]
[1]
[9]
[3]
[3]
[11]
[3]
[3]
[7]
[4]
[17]
[11]
[4]
[14]
[1]
[7]
[18]
[22]
[5]
[6]
[4]
[4]
[3]
[3]
[26]
[4]
[5]
[7]
[11]
[2]
[16]
[4]
[6]
[5]
[1]
[1]
[1]
[2]
[9]
[6]
[1]
[4]
[20]
[32]
[19]
[23]
[6]
[2]
[3]
[5]
[7]
[12]
[33]
[3]
[28]
[3]
[13]
[8]
[5]
[1]
[4]
[19]
[5]
[1]
[12]
[2]
[25]
[12]
[8]
[7]
[7]
[4]
[7]
[4]
[16]
[15]
[5]
[3]
[2]
[8]
[20]
[4]
[8]
[7]
[2]
[4]
[1]
[2]
[7]
[17]
[2]
[26]
[13]
[9]
[14]
[16]
[12]
[8]
[13]
[24]
[5]
[29]
[21]
[2]
[26]
[14]
[13]
[9]
[10]
[10]
[5]
[3]
[7]
[13]
[8]
[2]
[3]
[2]
[12]
[17]
[10]
[5]
[24]
[8]
[7]
[9]
[13]
[30]
[28]
[3]
[8]
[5]
[66]
[21]
[6]
[8]
[21]
[2]
[2]
[3]
[4]
[22]
[11]
[2]
[2]
[3]
[3]
[3]
[40]
[10]
[10]
[6]
[14]
[56]
[2]
[3]
[2]
[5]
[8]
[4]
[11]
[2]
[18]
[6]
[4]
[10]
[23]
[16]
[29]
[24]
[7]
[2]
[9]
[34]
[37]
[26]
[7]
[3]
[20]
[7]
[9]
[2]
[13]
[1]
[7]
[6]
[31]
[6]
[15]
[29]
[19]
[6]
[21]
[6]
[7]
[8]
[19]
[18]
[4]
[33]
[11]
[12]
[9]
[6]
[2]
[16]
[20]
[55]
[28]
[28]
[15]
[3]
[2]
[1]
[8]
[4]
[5]
[4]
[1]
[1]
[4]
[16]
[4]
[14]
[14]
[1]
[13]
[19]
[7]
[27]
[18]
[1]
[15]
[17]
[14]
[5]
[2]
[7]
[7]
[27]
[4]
[11]
[5]
[58]
[10]
[14]
[5]
[10]
[6]
[12]
[10]
[1]
[9]
[3]
[3]
[11]
[3]
[3]
[7]
[4]
[17]
[11]
[4]
[14]
[1]
[7]
[18]
[22]
[5]
[6]
