[12]
[1]
[2]
[1]
[6]
[2]
[4]
[3]
[1]
[1]
[10]
[10]
[6]
[7]
[1]
[6]
[6]
[7]
[2]
[10]
[1]
[1]
[1]
[6]
[2]
[2]
[1]
[1]
[1]
[1]
[1]
[1]
[5]
[8]
[5]
[2]
[10]
[1]
[6]
[2]
[3]
[1]
[1]
[2]
[3]
[5]
[6]
[2]
[2]
[3]
[2]
[5]
[1]
[6]
[12]
[5]
[2]
[3]
[1]
[5]
[6]
[2]
[3]
[12]
[8]
[2]
[5]
[5]
[2]
[6]
[4]
[1]
[6]
[9]
[8]
[1]
[2]
[17]
[6]
[13]
[3]
[4]
[1]
[3]
[2]
[4]
[1]
[11]
[9]
[3]
[1]
[1]
[5]
[2]
[1]
[2]
[9]
[2]
[3]
[2]
[5]
[6]
[2]
[12]
[6]
[5]
[5]
[2]
[1]
[2]
[17]
[9]
[5]
[14]
[2]
[1]
[4]
[3]
[3]
[4]
[8]
[3]
[2]
[1]
[5]
[2]
[14]
[3]
[1]
[1]
[5]
[1]
[2]
[19]
[7]
[1]
[4]
[2]
[1]
[1]
[7]
[2]
[1]
[2]
[3]
[2]
[4]
[9]
[2]
[2]
[3]
[3]
[1]
[1]
[9]
[2]
[1]
[2]
[6]
[1]
[3]
[1]
[1]
[1]
[1]
[1]
[5]
[1]
[1]
[1]
[1]
[6]
[1]
[4]
[12]
[1]
[2]
[1]
[6]
[2]
[4]
[3]
[1]
[1]
[10]
[10]
[6]
[7]
[1]
[6]
[6]
[7]
[2]
[10]
[1]
[1]
[1]
[6]
[2]
[2]
[1]
[1]
[1]
[1]
[1]
[1]
[5]
[8]
[5]
[2]
[10]
[1]
[6]
[2]
[3]
[1]
[1]
[2]
[3]
[5]
[6]
[2]
[2]
[3]
[2]
[5]
[1]
[6]
[12]
[5]
[2]
[3]
[1]
[5]
[6]
[2]
[3]
[12]
[8]
[2]
[5]
[5]
[2]
[6]
[4]
[1]
[6]
[9]
[8]
[1]
[2]
[17]
[6]
[13]
[3]
[4]
[1]
[3]
[2]
[4]
[1]
[11]
[9]
[3]
[1]
[1]
[5]
[2]
[1]
[2]
[9]
[2]
[3]
[2]
[5]
[6]
[2]
[12]
[6]
[5]
[5]
[2]
[1]
[2]
[17]
[9]
[5]
[14]
[2]
[1]
[4]
[3]
[3]
[4]
[8]
[3]
[2]
[1]
[5]
[2]
[14]
[3]
[1]
[1]
[5]
[1]
[2]
[19]
[7]
[1]
[4]
[2]
[1]
[1]
[7]
[2]
[1]
[2]
[3]
[2]
[4]
[9]
[2]
[2]
[3]
[3]
[1]
[1]
[9]
[2]
[1]
[2]
[6]
[1]
[3]
[1]
[1]
[1]
[1]
[1]
[5]
[1]
[1]
[1]
[1]
[6]
[1]
[4]
