[1]
[9]
[6]
[1]
[5]
[8]
[6]
[3]
[13]
[7]
[1]
[2]
[2]
[1]
[1]
[3]
[2]
[5]
[21]
[13]
[7]
[2]
[2]
[3]
[12]
[2]
[6]
[4]
[6]
[1]
[7]
[3]
[1]
[2]
[2]
[8]
[5]
[4]
[1]
[2]
[13]
[4]
[6]
[7]
[5]
[2]
[8]
[16]
[4]
[5]
[1]
[1]
[9]
[4]
[2]
[2]
[3]
[4]
[1]
[1]
[3]
[6]
[11]
[2]
[6]
[3]
[3]
[8]
[9]
[13]
[2]
[7]
[16]
[10]
[5]
[1]
[7]
[4]
[9]
[4]
[9]
[5]
[3]
[1]
[1]
[5]
[4]
[6]
[16]
[4]
[1]
[2]
[2]
[10]
[5]
[15]
[15]
[6]
[3]
[5]
[7]
[16]
[6]
[5]
[1]
[9]
[1]
[3]
[1]
[4]
[8]
[3]
[3]
[1]
[2]
[13]
[12]
[5]
[4]
[15]
[6]
[9]
[3]
[4]
[7]
[3]
[9]
[18]
[9]
[8]
[8]
[1]
[1]
[5]
[20]
[14]
[9]
[1]
[6]
[2]
[3]
[2]
[14]
[4]
[4]
[3]
[3]
[2]
[8]
[2]
[2]
[2]
[1]
[2]
[10]
[6]
[15]
[13]
[4]
[6]
[7]
[4]
[4]
[6]
[12]
[16]
[8]
[4]
[8]
[2]
[4]
[1]
[2]
[1]
[4]
[6]
[2]
[1]
[9]
[2]
[5]
[5]
[1]
[2]
[8]
[8]
[4]
[17]
[18]
[3]
[6]
[6]
[9]
[1]
[4]
[5]
[10]
[4]
[6]
[3]
[5]
[5]
[10]
[2]
[15]
[3]
[9]
[5]
[2]
[10]
[2]
[5]
[1]
[3]
[1]
[3]
[5]
[2]
[4]
[2]
[1]
[9]
[4]
[5]
[2]
[4]
