[1]
[1]
[2]
[3]
[5]
[2]
[2]
[1]
[1]
[3]
[2]
[4]
[2]
[2]
[1]
[4]
[2]
[2]
[4]
[1]
[3]
[1]
[1]
[1]
[1]
[1]
[2]
[1]
[1]
[1]
[2]
[2]
[1]
[1]
[6]
[1]
[3]
[2]
[3]
[1]
[1]
[3]
[1]
[1]
[3]
[1]
[2]
[1]
[2]
[1]
[6]
[1]
[2]
[1]
[4]
[1]
[5]
[1]
[2]
[1]
[1]
[1]
[1]
[2]
[2]
[1]
[4]
[1]
[1]
[5]
[1]
[1]
[1]
[1]
[1]
[1]
[2]
[2]
[2]
[1]
[2]
[3]
[7]
[1]
[1]
[2]
[1]
[2]
[3]
[1]
[2]
[5]
[5]
[1]
[1]
[2]
[5]
[1]
[1]
[1]
[1]
[2]
[1]
[1]
[2]
[1]
[2]
[1]
[1]
[2]
[2]
[2]
[2]
[2]
[1]
[1]
[1]
[4]
[4]
[3]
[4]
[1]
[2]
[2]
[2]
[1]
[5]
[3]
[1]
[1]
[4]
[1]
[2]
[1]
[1]
[1]
[1]
[4]
[1]
[1]
[2]
[4]
[1]
[1]
[1]
[1]
[1]
[2]
[1]
[2]
[1]
[1]
[4]
[4]
[1]
[4]
[1]
[4]
[4]
[1]
[2]
[1]
[3]
[2]
[1]
[1]
[1]
[3]
[1]
[1]
[1]
[2]
[1]
[1]
[2]
[1]
[4]
[2]
[1]
[1]
[2]
[1]
[1]
[2]
[1]
[1]
[1]
[1]
[1]
[1]
[1]
[2]
[1]
[1]
[1]
[2]
[1]
[2]
[1]
[3]
[1]
[3]
[2]
[1]
[2]
[2]
[1]
[6]
[6]
[4]
[2]
[1]
[1]
[4]
[3]
[1]
[3]
[1]
[2]
[3]
[1]
[1]
[2]
[2]
[4]
[1]
[1]
[4]
[3]
[2]
[6]
[2]
[2]
[3]
[3]
[1]
[2]
[1]
[5]
[4]
[3]
[3]
[1]
[2]
[2]
[1]
[4]
[1]
[1]
[2]
[2]
[1]
[3]
[2]
[1]
[2]
[1]
[3]
[2]
[4]
[2]
[2]
[1]
[2]
[1]
[1]
[2]
[1]
[1]
[2]
[1]
[4]
[2]
[2]
[5]
[11]
[1]
[1]
[1]
[1]
[1]
[3]
[1]
[3]
[1]
[1]
[1]
[1]
[3]
[2]
[1]
[1]
[1]
[2]
[3]
[2]
[1]
[1]
[3]
[1]
[4]
[3]
[3]
[1]
[1]
[1]
[1]
[3]
[1]
[3]
[1]
[7]
[4]
[4]
[1]
[8]
[2]
[1]
[4]
[1]
[2]
[1]
[2]
[1]
[1]
[1]
[1]
[2]
[2]
[1]
[3]
[6]
[2]
[1]
[1]
[1]
[1]
[1]
[1]
[1]
[1]
[1]
[1]
[1]
[2]
[1]
[3]
[1]
[2]
[3]
[1]
[2]
[1]
[1]
[2]
[2]
[3]
[1]
[3]
[1]
[5]
[2]
[2]
[2]
[5]
[1]
[1]
[1]
[2]
[1]
[2]
[1]
[1]
[2]
[1]
[1]
[1]
[1]
[2]
[1]
[3]
[1]
[2]
[2]
[1]
[2]
[1]
[1]
[1]
[1]
[4]
[3]
[3]
[5]
[1]
[1]
[2]
[2]
[1]
[1]
[2]
[1]
[2]
[1]
[2]
[1]
[1]
[1]
[1]
[1]
[1]
[1]
[1]
[1]
[2]
[1]
[1]
[19]
[9]
[6]
[21]
[21]
[27]
[11]
[2]
[10]
[3]
[1]
[1]
[4]
[9]
[5]
[6]
[10]
[1]
[1]
[3]
[6]
[7]
[2]
[2]
[5]
[3]
[1]
[2]
[4]
[1]
[2]
[1]
[6]
[2]
[7]
[3]
[7]
[2]
[1]
[2]
[1]
[2]
[1]
[5]
[3]
[5]
[3]
[9]
[26]
[44]
[9]
[3]
[10]
[2]
[5]
[14]
[10]
[10]
[4]
[27]
[16]
[5]
[11]
[4]
[13]
[4]
[11]
[8]
[2]
[3]
[1]
[9]
[4]
[8]
[1]
[7]
[4]
[4]
[7]
[5]
[7]
[15]
[13]
[11]
[7]
[2]
[3]
[9]
[5]
[18]
[25]
[10]
[7]
[8]
[3]
[16]
[5]
[2]
[6]
[4]
[1]
[10]
[12]
[11]
[4]
[6]
[11]
[1]
[3]
[3]
[2]
[11]
[11]
[24]
[1]
[9]
[32]
[12]
[15]
[7]
[27]
[1]
[7]
[3]
[2]
[4]
[4]
[5]
[13]
[3]
[2]
[1]
[1]
[1]
[1]
[1]
[1]
[1]
[1]
[1]
[1]
[1]
[1]
[1]
[1]
[1]
[1]
[1]
[1]
[1]
[2]
[1]
[2]
[1]
[1]
[1]
[1]
[1]
[1]
[1]
[2]
[1]
[1]
[1]
[1]
[3]
[2]
[1]
[1]
[2]
[1]
[1]
[1]
[2]
[3]
[1]
[3]
[4]
[1]
[2]
[1]
[2]
[2]
[1]
[1]
[1]
[3]
[1]
[2]
[2]
[2]
[2]
[1]
[1]
[1]
[2]
[1]
[4]
[1]
[3]
[2]
[1]
[2]
[1]
[1]
[1]
[1]
[1]
[2]
[2]
[2]
[2]
[1]
[1]
[1]
[1]
[4]
[2]
[2]
[1]
[1]
[1]
[1]
[1]
[1]
[4]
[1]
[1]
[2]
[3]
[3]
[1]
[4]
[3]
[1]
[2]
[1]
[1]
[1]
[1]
[3]
[2]
[1]
[4]
[1]
[2]
[1]
[1]
[1]
[1]
[3]
[3]
[4]
[2]
[1]
[1]
[1]
[1]
[1]
[1]
[1]
[2]
[1]
[2]
[4]
[3]
[1]
[4]
[4]
[1]
[3]
[2]
[2]
[1]
[1]
[2]
[2]
[1]
[5]
[1]
[4]
[1]
[3]
[1]
[1]
[1]
[1]
[1]
[2]
[4]
[2]
[1]
[1]
[1]
[2]
[3]
[2]
[4]
[1]
[5]
[2]
[2]
[2]
[2]
[1]
[2]
[2]
[4]
[1]
[4]
[1]
[3]
[1]
[2]
[2]
[4]
[7]
[1]
[3]
[1]
[1]
[5]
[3]
[3]
[3]
[2]
[2]
[1]
[1]
[2]
[2]
[1]
[2]
[2]
[3]
[2]
[1]
[5]
[5]
[1]
[4]
[2]
[3]
[1]
[1]
[1]
[2]
[4]
[2]
[1]
[1]
[1]
[1]
[3]
[3]
[2]
[1]
[1]
[1]
[1]
[2]
[4]
[1]
[3]
[7]
[1]
[2]
[2]
[3]
[2]
[4]
[2]
[1]
[2]
[1]
[1]
[3]
[2]
[1]
[1]
[1]
[2]
[1]
[1]
[1]
[1]
[1]
[1]
[3]
[2]
[1]
[1]
[2]
[1]
[1]
[2]
[1]
[6]
[2]
[3]
[1]
[1]
[1]
[3]
[2]
[6]
[1]
[1]
[2]
[1]
[3]
[2]
[2]
[4]
[2]
[3]
[2]
[1]
[3]
[1]
[1]
[2]
[1]
[3]
[4]
[1]
[2]
[3]
[1]
[3]
[2]
[2]
[3]
[4]
[1]
[6]
[1]
[2]
[1]
[1]
[4]
[1]
[3]
[5]
[1]
[2]
[1]
[1]
[1]
[1]
[1]
[4]
[8]
[7]
[5]
[2]
[2]
[2]
[2]
[1]
[1]
[7]
[9]
[2]
[1]
[1]
[2]
[1]
[1]
[1]
[2]
[1]
[1]
[7]
[1]
[1]
[1]
[3]
[1]
[1]
[1]
[1]
[1]
[1]
[4]
[3]
[1]
[2]
[1]
[3]
[2]
[1]
[2]
[3]
[3]
[2]
[1]
[4]
[1]
[3]
[1]
[5]
[4]
[2]
[2]
[1]
[2]
[3]
[2]
[1]
[3]
[5]
[1]
[1]
[2]
[1]
[2]
[1]
[3]
[2]
[2]
[1]
[2]
[2]
[2]
[2]
[2]
[1]
[3]
[2]
[2]
[1]
[1]
[4]
[1]
[1]
[1]
[1]
[2]
[1]
[1]
[4]
[3]
[1]
[1]
[2]
[5]
[1]
[1]
[1]
[2]
[3]
[1]
[3]
[2]
[1]
[5]
[3]
[3]
[1]
[4]
[1]
[3]
[4]
[1]
[5]
[4]
[4]
[1]
[3]
[3]
[1]
[1]
[1]
[2]
[1]
[1]
[2]
[3]
[6]
[1]
[1]
[1]
[1]
[1]
[3]
[5]
[1]
[3]
[4]
[3]
[3]
[1]
[3]
[1]
[2]
[1]
[3]
[3]
[3]
[1]
[1]
[1]
[1]
[3]
[1]
[1]
[1]
[5]
[1]
[1]
[3]
[3]
[3]
[2]
[3]
[2]
[1]
[3]
[1]
[2]
[1]
[1]
[1]
[1]
[2]
[2]
[1]
[1]
[1]
[1]
[2]
[1]
[2]
[3]
[3]
[1]
[1]
[2]
[2]
[2]
[1]
[1]
[1]
[1]
[1]
[1]
[3]
[7]
[1]
[6]
[10]
[1]
[5]
[3]
[1]
[6]
[6]
[2]
[5]
[10]
[10]
[3]
[8]
[5]
[4]
[8]
[9]
[3]
[5]
[1]
[2]
[2]
[1]
[5]
[1]
[4]
[2]
[3]
[2]
[1]
[1]
[1]
[1]
[1]
[1]
[2]
[1]
[1]
[1]
[2]
[1]
[1]
[1]
[2]
[3]
[6]
[2]
[1]
[1]
[2]
[3]
[1]
[2]
[2]
[2]
[2]
[2]
[4]
[8]
[6]
[4]
[4]
[1]
[1]
[4]
[1]
[2]
[5]
[1]
[2]
[5]
[3]
[1]
[3]
[1]
[2]
[2]
[1]
[1]
[1]
[2]
[6]
[1]
[4]
[3]
[1]
[2]
[3]
[4]
[5]
[5]
[1]
[1]
[3]
[1]
[1]
[1]
[1]
[1]
[5]
[1]
[2]
[7]
[4]
[2]
[1]
[2]
[1]
[1]
[1]
[1]
[1]
[3]
[1]
[3]
[3]
[1]
[1]
[1]
[1]
[2]
[1]
[3]
[1]
[1]
[1]
[1]
[2]
[3]
[4]
[2]
[2]
[5]
[2]
[3]
[2]
[3]
[2]
[1]
[3]
[2]
[2]
[4]
[13]
[2]
[2]
[4]
[4]
[2]
[4]
[2]
[1]
[1]
[3]
[1]
[1]
[1]
[1]
