[2]
[2]
[2]
[3]
[3]
[23]
[3]
[7]
[2]
[8]
[2]
[11]
[3]
[8]
[7]
[2]
[1]
[10]
[3]
[1]
[2]
[12]
[18]
[10]
[8]
[3]
[1]
[1]
[1]
[5]
[9]
[12]
[12]
[1]
[8]
[1]
[2]
[1]
[6]
[2]
[1]
[7]
[2]
[14]
[8]
[2]
[4]
[3]
[1]
[5]
[4]
[7]
[6]
[3]
[3]
[2]
[8]
[5]
[3]
[3]
[4]
[2]
[2]
[3]
[5]
[6]
[3]
[12]
[6]
[3]
[6]
[5]
[4]
[3]
[8]
[10]
[16]
[11]
[3]
[13]
[9]
[1]
[4]
[3]
[4]
[1]
[1]
[3]
[5]
[3]
[1]
[3]
[2]
[5]
[12]
[3]
[1]
[16]
[4]
[5]
[4]
[16]
[14]
[10]
[2]
[7]
[2]
[33]
[10]
[8]
[4]
[12]
[1]
[4]
[1]
[12]
[7]
[1]
[4]
[1]
[3]
[15]
[7]
[2]
[4]
[5]
[17]
[1]
[3]
[3]
[6]
[3]
[6]
[9]
[3]
[11]
[8]
[27]
[13]
[5]
[2]
[1]
[6]
[13]
[24]
[15]
[1]
[2]
[12]
[2]
[1]
[7]
[4]
[3]
[19]
[3]
[3]
[14]
[6]
[1]
[14]
[1]
[1]
[3]
[6]
[4]
[16]
[18]
[9]
[1]
[5]
[5]
[6]
[3]
[11]
[12]
[28]
[6]
[6]
[11]
[2]
[4]
[1]
[2]
[2]
[4]
[1]
[1]
[2]
[1]
[12]
[1]
[6]
[2]
[4]
[2]
[4]
[12]
[11]
[3]
[7]
[15]
[13]
[4]
[1]
[5]
[4]
[18]
[1]
[8]
[3]
[16]
[5]
[8]
[3]
[8]
[3]
[8]
[6]
[2]
[5]
[2]
[3]
[3]
[1]
[1]
[2]
[2]
[9]
[8]
[6]
[9]
[1]
[6]
[7]
[6]
[1]
[1]
