[2]
[1]
[3]
[5]
[2]
[7]
[5]
[3]
[3]
[2]
[4]
[1]
[4]
[2]
[1]
[1]
[7]
[3]
[4]
[5]
[5]
[4]
[7]
[5]
[4]
[3]
[4]
[2]
[3]
[5]
[1]
[2]
[4]
[5]
[2]
[5]
[4]
[7]
[5]
[1]
[4]
[1]
[5]
[7]
[1]
[1]
[4]
[3]
[4]
[5]
[3]
[5]
[5]
[5]
[3]
[8]
[4]
[1]
[4]
[13]
[2]
[4]
[5]
[1]
[5]
[1]
[1]
[6]
[3]
[1]
[5]
[10]
[3]
[2]
[1]
[1]
[2]
[1]
[3]
[5]
[2]
[7]
[5]
[3]
[3]
[2]
[4]
[1]
[4]
[2]
[1]
[1]
[7]
[3]
[4]
[5]
[5]
[4]
[7]
[5]
[4]
[3]
[4]
[2]
[3]
[5]
[1]
[2]
[4]
[5]
[2]
[5]
[4]
[7]
[5]
[1]
[4]
[1]
[5]
[7]
[1]
[1]
[4]
[3]
[4]
[5]
[3]
[5]
[5]
[5]
[3]
[8]
[4]
[1]
[4]
[13]
[2]
[4]
[5]
[1]
[5]
[1]
[1]
[6]
[3]
[1]
[5]
[10]
[3]
[2]
[1]
[1]
[2]
[1]
[3]
[5]
[2]
[7]
[5]
[3]
[3]
[2]
[4]
[1]
[4]
[2]
[1]
[1]
[7]
[3]
[4]
[5]
[5]
[4]
[7]
[5]
[4]
[3]
[4]
[2]
[3]
[5]
[1]
[2]
[4]
[5]
[2]
[5]
[4]
[7]
[5]
[1]
[4]
[1]
[5]
[7]
[1]
[1]
[4]
[3]
[4]
[5]
[3]
[5]
[5]
[5]
[3]
[8]
[4]
[1]
[4]
[13]
[2]
[4]
[5]
[1]
[5]
[1]
[1]
[6]
[3]
[1]
[5]
[10]
[3]
[2]
[1]
[1]
