[1]
[2]
[14]
[11]
[6]
[3]
[4]
[2]
[4]
[3]
[6]
[3]
[7]
[1]
[1]
[4]
[4]
[2]
[2]
[2]
[11]
[17]
[9]
[14]
[9]
[1]
[8]
[3]
[4]
[2]
[1]
[3]
[15]
[4]
[11]
[2]
[2]
[2]
[2]
[2]
[19]
[5]
[3]
[5]
[4]
[12]
[6]
[3]
[10]
[7]
[6]
[9]
[2]
[9]
[8]
[6]
[4]
[1]
[2]
[20]
[1]
[4]
[7]
[11]
[4]
[1]
[1]
[3]
[6]
[5]
[4]
[2]
[5]
[12]
[7]
[7]
[2]
[2]
[12]
[1]
[7]
[6]
[17]
[2]
[10]
[9]
[4]
[9]
[4]
[19]
[5]
[1]
[2]
[7]
[6]
[1]
[4]
[2]
[4]
[4]
[5]
[3]
[14]
[5]
[10]
[8]
[2]
[4]
[7]
[3]
[11]
[3]
[5]
[11]
[1]
[4]
[25]
[6]
[2]
[7]
[1]
[7]
[9]
[9]
[6]
[3]
[2]
[8]
[14]
[6]
[2]
[1]
[2]
[10]
[1]
[4]
[1]
[8]
[2]
[3]
[1]
[7]
[2]
[7]
[16]
[20]
[23]
[9]
[6]
[7]
[2]
[1]
[2]
[4]
[16]
[17]
[1]
[2]
[5]
[16]
[2]
[2]
[2]
[6]
[1]
[4]
[5]
[2]
[7]
[4]
[1]
[8]
[5]
[5]
[6]
[1]
[1]
[4]
[10]
[3]
[6]
[14]
[6]
[5]
[15]
[10]
[8]
[3]
[2]
[5]
[1]
[1]
[3]
[5]
[10]
[3]
[2]
[2]
[2]
[2]
[5]
[1]
[1]
[1]
[7]
[1]
[12]
[2]
[1]
[3]
[2]
[2]
[6]
[21]
[26]
[2]
[7]
[8]
[2]
[1]
[2]
[5]
[2]
[1]
[4]
[7]
[3]
[5]
[8]
[3]
[7]
[1]
[4]
[1]
[2]
[1]
[8]
[5]
[5]
[1]
[6]
[5]
[5]
[2]
[2]
[2]
[6]
[20]
[3]
[6]
