684955	684961
684955	684964
684954	429872
684954	684948
684954	684952
684954	684953
684954	684961
684954	684964
684960	684948
684960	684952
684960	684953
684960	684961
684960	684962
684960	684964
684962	684948
684962	684952
684962	684953
684962	684960
684962	684961
684962	684964
684965	684948
684965	684952
684965	684953
684965	684961
684965	684964
684965	684966
684966	684948
684966	684952
684966	684953
684966	684961
684966	684964
684966	684965
684991	430363
684971	430322
684974	429961
684974	430273
684974	684973
684988	259939
684988	430351
684988	438238
684988	683705
684988	684356
684988	684374
684988	684381
684988	684408
684988	684904
684988	684967
684988	684972
684988	684985
684988	684989
684988	684990
684988	684993
684988	684994
684988	685076
684988	685156
684970	438238
684970	683705
684970	684356
684970	684374
684970	684381
684970	684408
684970	684904
684970	684967
684970	684985
684970	685076
684970	685156
684986	430349
684986	438238
684986	683705
684986	684356
684986	684374
684986	684381
684986	684408
684986	684904
684986	684967
684986	684985
684986	684987
684986	685076
684986	685156
684985	438238
684985	683705
684985	684356
684985	684374
684985	684381
684985	684408
684985	684904
684985	684967
684985	685076
684985	685156
684975	430326
684975	438238
684975	683705
684975	684356
684975	684374
684975	684381
684975	684408
684975	684904
684975	684967
684975	684969
684975	684972
684975	684976
684975	684985
684975	684991
684975	685076
684975	685156
684992	430365
684993	404389
684993	430368
684993	438238
684993	683705
684993	684356
684993	684374
684993	684381
684993	684408
684993	684904
684993	684967
684993	684985
684993	685076
684993	685156
684969	430283
684972	430323
684972	438238
684972	683705
684972	684356
684972	684374
684972	684381
684972	684408
684972	684904
684972	684967
684972	684985
684972	685076
684972	685156
684968	429868
684968	429892
684968	438238
684968	683705
684968	684356
684968	684381
684968	684408
684968	684904
684968	685076
684968	685156
684973	429864
684973	429961
684973	430273
684973	684974
684976	438238
684976	683705
684976	684356
684976	684374
684976	684381
684976	684408
684976	684904
684976	684967
684976	684969
684976	684975
684976	684977
684976	684978
684976	684979
684976	684980
684976	684981
684976	684982
684976	684983
684976	684984
684976	684985
684976	685076
684976	685156
684983	430345
684979	430337
684984	430347
684978	430335
684982	430343
684977	430331
684981	430341
684980	430339
684987	430455
684989	438238
684989	683705
684989	684356
684989	684381
684989	684408
684989	684904
684989	685076
684989	685156
684994	430273
684994	685025
684994	685050
684994	685066
684994	685075
684990	430356
685025	684995
685025	685020
685025	685021
685025	685022
685025	685023
685025	685026
685025	685027
685025	685029
685025	685030
685025	685032
685025	685034
685025	685035
685025	685036
685025	685037
685025	685038
685025	685039
685025	685040
685025	685041
685025	685042
685025	685048
685025	685049
685025	685050
685025	685063
685025	685064
685025	685065
685025	685066
685025	685068
685025	685069
685025	685070
685025	685071
685025	685072
685025	685073
685025	685074
685025	685075
685075	44957
685075	254912
685075	430284
685075	685025
685075	685036
685075	685050
685075	685066
685050	685025
685050	685036
685050	685056
685050	685062
685050	685066
685050	685067
685050	685075
685066	685025
685066	685036
685066	685050
685066	685075
684995	684996
684995	684997
684995	684998
684995	684999
684995	685000
684995	685001
684995	685002
684995	685003
684995	685004
684995	685005
684995	685006
684995	685007
684995	685008
684995	685009
684995	685010
684995	685011
684995	685012
684995	685013
684995	685014
684995	685015
684995	685016
684995	685017
684995	685018
684995	685019
684995	685024
684995	685025
684995	685036
684995	685043
685017	684996
685017	684997
685017	684998
685017	684999
685017	685000
685017	685001
685017	685002
685017	685003
685017	685004
685017	685005
685017	685006
685017	685007
685017	685008
685017	685009
685017	685010
685017	685011
685017	685012
685017	685013
685017	685014
685017	685015
685017	685016
685017	685018
685017	685019
685017	685024
685017	685025
685017	685036
685017	685043
685016	684996
685016	684997
685016	684998
685016	684999
685016	685000
685016	685001
685016	685002
685016	685003
685016	685004
685016	685005
685016	685006
685016	685007
685016	685008
685016	685009
685016	685010
685016	685011
685016	685012
685016	685013
685016	685014
685016	685015
685016	685017
685016	685018
685016	685019
685016	685024
685016	685025
685016	685036
685016	685043
685015	684996
685015	684997
685015	684998
685015	684999
685015	685000
685015	685001
685015	685002
685015	685003
685015	685004
685015	685005
685015	685006
685015	685007
685015	685008
685015	685009
685015	685010
685015	685011
685015	685012
685015	685013
685015	685014
685015	685016
685015	685017
685015	685018
685015	685019
685015	685024
685015	685025
685015	685036
685015	685043
685014	684996
685014	684997
685014	684998
685014	684999
685014	685000
685014	685001
685014	685002
685014	685003
685014	685004
685014	685005
685014	685006
685014	685007
685014	685008
685014	685009
685014	685010
685014	685011
685014	685012
685014	685013
685014	685015
685014	685016
685014	685017
685014	685018
685014	685019
685014	685024
685014	685025
685014	685036
685014	685043
685013	684996
685013	684997
685013	684998
685013	684999
685013	685000
685013	685001
685013	685002
685013	685003
685013	685004
685013	685005
685013	685006
685013	685007
685013	685008
685013	685009
685013	685010
685013	685011
685013	685012
685013	685014
685013	685015
685013	685016
685013	685017
685013	685018
685013	685019
685013	685024
685013	685025
685013	685036
685013	685043
685012	684996
685012	684997
685012	684998
685012	684999
685012	685000
685012	685001
685012	685002
685012	685003
685012	685004
685012	685005
685012	685006
685012	685007
685012	685008
685012	685009
685012	685010
685012	685011
685012	685013
685012	685014
685012	685015
685012	685016
685012	685017
685012	685018
685012	685019
685012	685024
685012	685025
685012	685036
685012	685043
685011	684996
685011	684997
685011	684998
685011	684999
685011	685000
685011	685001
685011	685002
685011	685003
685011	685004
685011	685005
685011	685006
685011	685007
685011	685008
685011	685009
685011	685010
685011	685012
685011	685013
685011	685014
685011	685015
685011	685016
685011	685017
685011	685018
685011	685019
685011	685024
685011	685025
685011	685036
685011	685043
685010	684996
685010	684997
685010	684998
685010	684999
685010	685000
685010	685001
685010	685002
685010	685003
685010	685004
685010	685005
685010	685006
685010	685007
685010	685008
685010	685009
685010	685011
685010	685012
685010	685013
685010	685014
685010	685015
685010	685016
685010	685017
685010	685018
685010	685019
685010	685024
685010	685025
685010	685036
685010	685043
685019	684996
685019	684997
685019	684998
685019	684999
685019	685000
685019	685001
685019	685002
685019	685003
685019	685004
685019	685005
685019	685006
685019	685007
685019	685008
685019	685009
685019	685010
685019	685011
685019	685012
685019	685013
685019	685014
685019	685015
685019	685016
685019	685017
685019	685018
685019	685024
685019	685025
685019	685036
685019	685043
685018	684996
685018	684997
685018	684998
685018	684999
685018	685000
685018	685001
685018	685002
685018	685003
685018	685004
685018	685005
685018	685006
685018	685007
685018	685008
685018	685009
685018	685010
685018	685011
685018	685012
685018	685013
685018	685014
685018	685015
685018	685016
685018	685017
685018	685019
685018	685024
685018	685025
685018	685036
685018	685043
685001	684996
685001	684997
685001	684998
685001	684999
685001	685000
685001	685002
685001	685003
685001	685004
685001	685005
685001	685006
685001	685007
685001	685008
685001	685009
685001	685010
685001	685011
685001	685012
685001	685013
685001	685014
685001	685015
685001	685016
685001	685017
685001	685018
685001	685019
685001	685024
685001	685025
685001	685036
685001	685043
685000	684996
685000	684997
685000	684998
685000	684999
685000	685001
685000	685002
685000	685003
685000	685004
685000	685005
685000	685006
685000	685007
685000	685008
685000	685009
685000	685010
685000	685011
685000	685012
685000	685013
685000	685014
685000	685015
685000	685016
685000	685017
685000	685018
685000	685019
685000	685024
685000	685025
685000	685036
685000	685043
684999	684996
684999	684997
684999	684998
684999	685000
684999	685001
684999	685002
684999	685003
684999	685004
684999	685005
684999	685006
684999	685007
684999	685008
684999	685009
684999	685010
684999	685011
684999	685012
684999	685013
684999	685014
684999	685015
684999	685016
684999	685017
684999	685018
684999	685019
684999	685024
684999	685025
684999	685036
684999	685043
684998	684996
684998	684997
684998	684999
684998	685000
684998	685001
684998	685002
684998	685003
684998	685004
684998	685005
684998	685006
684998	685007
684998	685008
684998	685009
684998	685010
684998	685011
684998	685012
684998	685013
684998	685014
684998	685015
684998	685016
684998	685017
684998	685018
684998	685019
684998	685024
684998	685025
684998	685036
684998	685043
684997	684996
684997	684998
684997	684999
684997	685000
684997	685001
684997	685002
684997	685003
684997	685004
684997	685005
684997	685006
684997	685007
684997	685008
684997	685009
684997	685010
684997	685011
684997	685012
684997	685013
684997	685014
684997	685015
684997	685016
684997	685017
684997	685018
684997	685019
684997	685024
684997	685025
684997	685036
684997	685043
684996	684997
684996	684998
684996	684999
684996	685000
684996	685001
684996	685002
684996	685003
684996	685004
684996	685005
684996	685006
684996	685007
684996	685008
684996	685009
684996	685010
684996	685011
684996	685012
684996	685013
684996	685014
684996	685015
684996	685016
684996	685017
684996	685018
684996	685019
684996	685024
684996	685025
684996	685036
684996	685043
685009	684996
685009	684997
685009	684998
685009	684999
685009	685000
685009	685001
685009	685002
685009	685003
685009	685004
685009	685005
685009	685006
685009	685007
685009	685008
685009	685010
685009	685011
685009	685012
685009	685013
685009	685014
685009	685015
685009	685016
685009	685017
685009	685018
685009	685019
685009	685024
685009	685025
685009	685036
685009	685043
685008	684996
685008	684997
685008	684998
685008	684999
685008	685000
685008	685001
685008	685002
685008	685003
685008	685004
685008	685005
685008	685006
685008	685007
685008	685009
685008	685010
685008	685011
685008	685012
685008	685013
685008	685014
685008	685015
685008	685016
685008	685017
685008	685018
685008	685019
685008	685024
685008	685025
685008	685036
685008	685043
685007	684996
685007	684997
685007	684998
685007	684999
685007	685000
685007	685001
685007	685002
685007	685003
685007	685004
685007	685005
685007	685006
685007	685008
685007	685009
685007	685010
685007	685011
685007	685012
685007	685013
685007	685014
685007	685015
685007	685016
685007	685017
685007	685018
685007	685019
685007	685024
685007	685025
685007	685036
685007	685043
685006	684996
685006	684997
685006	684998
685006	684999
685006	685000
685006	685001
685006	685002
685006	685003
685006	685004
685006	685005
685006	685007
685006	685008
685006	685009
685006	685010
685006	685011
685006	685012
685006	685013
685006	685014
685006	685015
685006	685016
685006	685017
685006	685018
685006	685019
685006	685024
685006	685025
685006	685036
685006	685043
685005	684996
685005	684997
685005	684998
685005	684999
685005	685000
685005	685001
685005	685002
685005	685003
685005	685004
685005	685006
685005	685007
685005	685008
685005	685009
685005	685010
685005	685011
685005	685012
685005	685013
685005	685014
685005	685015
685005	685016
685005	685017
685005	685018
685005	685019
685005	685024
685005	685025
685005	685036
685005	685043
685004	684996
685004	684997
685004	684998
685004	684999
685004	685000
685004	685001
685004	685002
685004	685003
685004	685005
685004	685006
685004	685007
685004	685008
685004	685009
685004	685010
685004	685011
685004	685012
685004	685013
685004	685014
685004	685015
685004	685016
685004	685017
685004	685018
685004	685019
685004	685024
685004	685025
685004	685036
685004	685043
685003	684996
685003	684997
685003	684998
685003	684999
685003	685000
685003	685001
685003	685002
685003	685004
685003	685005
685003	685006
685003	685007
685003	685008
685003	685009
685003	685010
685003	685011
685003	685012
685003	685013
685003	685014
685003	685015
685003	685016
685003	685017
685003	685018
685003	685019
685003	685024
685003	685025
685003	685036
685003	685043
685002	684996
685002	684997
685002	684998
685002	684999
685002	685000
685002	685001
685002	685003
685002	685004
685002	685005
685002	685006
685002	685007
685002	685008
685002	685009
685002	685010
685002	685011
685002	685012
685002	685013
685002	685014
685002	685015
685002	685016
685002	685017
685002	685018
685002	685019
685002	685024
685002	685025
685002	685036
685002	685043
685043	684996
685043	684997
685043	684998
685043	684999
685043	685000
685043	685001
685043	685002
685043	685003
685043	685004
685043	685005
685043	685006
685043	685007
685043	685008
685043	685009
685043	685010
685043	685011
685043	685012
685043	685013
685043	685014
685043	685015
685043	685016
685043	685017
685043	685018
685043	685019
685043	685024
685043	685025
685043	685036
685024	684996
685024	684997
685024	684998
685024	684999
685024	685000
685024	685001
685024	685002
685024	685003
685024	685004
685024	685005
685024	685006
685024	685007
685024	685008
685024	685009
685024	685010
685024	685011
685024	685012
685024	685013
685024	685014
685024	685015
685024	685016
685024	685017
685024	685018
685024	685019
685024	685025
685024	685036
685024	685043
685036	430273
685036	685025
685036	685050
685036	685066
685036	685075
685020	685025
685020	685036
685020	685050
685020	685066
685020	685075
685021	685025
685021	685036
685021	685050
685021	685066
685021	685075
685022	685025
685022	685036
685022	685050
685022	685066
685022	685072
685022	685075
685072	685025
685072	685036
685072	685050
685072	685066
685072	685075
685023	685025
685023	685036
685023	685050
685023	685066
685023	685075
685065	685025
685065	685036
685065	685050
685065	685066
685065	685075
685035	430400
685035	430411
685035	430425
685035	430441
685035	430450
685074	685025
685074	685036
685074	685040
685074	685050
685074	685066
685074	685075
685038	685025
685038	685036
685038	685050
685038	685066
685038	685075
685029	685025
685029	685028
685029	685036
685029	685050
685029	685066
685029	685075
685037	685025
685037	685036
685037	685050
685037	685066
685037	685071
685037	685075
685040	685025
685040	685036
685040	685050
685040	685066
685040	685075
685026	685025
685026	685036
685026	685050
685026	685066
685026	685075
685039	685025
685039	685036
685039	685050
685039	685066
685039	685075
685030	685025
685030	685036
685030	685050
685030	685066
685030	685075
685034	685025
685034	685036
685034	685050
685034	685066
685034	685075
685048	685025
685048	685036
685048	685050
685048	685066
685048	685075
685027	685025
685027	685036
685027	685037
685027	685050
685027	685066
685027	685071
685027	685075
685049	685025
685049	685036
685049	685050
685049	685066
685049	685075
685042	685025
685042	685036
685042	685050
685042	685066
685042	685075
685041	685025
685041	685036
685041	685044
685041	685045
685041	685046
685041	685047
685041	685050
685041	685066
685041	685075
685032	685025
685032	685031
685032	685033
685032	685036
685032	685050
685032	685066
685032	685075
685070	685025
685070	685036
685070	685050
685070	685066
685070	685075
685071	685025
685071	685036
685071	685050
685071	685066
685071	685075
685064	685022
685064	685025
685064	685036
685064	685050
685064	685066
685064	685075
685063	685025
685063	685036
685063	685050
685063	685066
685063	685075
685073	685025
685073	685036
685073	685050
685073	685065
685073	685066
685073	685075
685069	685025
685069	685036
685069	685050
685069	685066
685069	685075
685068	685025
685068	685036
685068	685050
685068	685066
685068	685075
685028	685025
685028	685036
685028	685050
685028	685066
685028	685075
685031	685025
685031	685036
685031	685050
685031	685066
685031	685075
685033	685025
685033	685036
685033	685050
685033	685066
685033	685075
685045	685025
685045	685036
685045	685050
685045	685066
685045	685075
685047	685025
685047	685036
685047	685050
685047	685066
685047	685075
685046	685025
685046	685036
685046	685050
685046	685066
685046	685075
685044	685025
685044	685036
685044	685050
685044	685066
685044	685075
685067	685025
685067	685036
685067	685050
685067	685066
685067	685075
685062	685025
685062	685036
685062	685050
685062	685066
685062	685075
685056	685025
685056	685036
685056	685050
685056	685051
685056	685052
685056	685053
685056	685054
685056	685055
685056	685057
685056	685058
685056	685059
685056	685060
685056	685061
685056	685066
685056	685067
685056	685075
685051	685025
685051	685036
685051	685050
685051	685066
685051	685075
685052	685025
685052	685036
685052	685050
685052	685066
685052	685075
685053	685025
685053	685036
685053	685050
685053	685066
685053	685075
685054	685025
685054	685036
685054	685050
685054	685066
685054	685075
685055	685025
685055	685036
685055	685050
685055	685066
685055	685075
685061	685025
685061	685036
685061	685050
685061	685066
685061	685075
685060	685025
685060	685036
685060	685050
685060	685066
685060	685075
685058	685025
685058	685036
685058	685050
685058	685066
685058	685075
685057	685025
685057	685036
685057	685050
685057	685066
685057	685075
685059	685025
685059	685036
685059	685050
685059	685066
685059	685075
685193	155458
685193	438238
685193	683705
685193	683741
685193	684356
685193	684380
685193	684381
685193	684408
685193	684904
685193	685076
685193	685156
685193	685194
685193	685195
685193	685197
685193	685203
685134	430627
685108	430498
685108	438238
685108	683705
685108	684356
685108	684381
685108	684408
685108	684904
685108	685076
685108	685104
685108	685105
685108	685112
685108	685117
685108	685120
685108	685122
685108	685123
685108	685124
685108	685126
685108	685131
685108	685156
685149	430210
685130	430550
685077	430462
685077	438238
685077	683705
685077	684356
685077	684381
685077	684408
685077	684904
685077	685076
685077	685078
685077	685079
685077	685080
685077	685081
685077	685082
685077	685083
685077	685084
685077	685086
685077	685087
685077	685088
685077	685089
685077	685090
685077	685156
685131	430598
685131	438238
685131	683705
685131	684356
685131	684381
685131	684408
685131	684904
685131	685076
685131	685104
685131	685105
685131	685108
685131	685124
685131	685132
685131	685133
685131	685156
685104	430492
685104	438238
685104	683705
685104	684356
685104	684381
685104	684408
685104	684904
685104	685076
685104	685105
685104	685108
685104	685124
685104	685129
685104	685131
685104	685156
685153	430193
685121	438238
685121	683705
685121	684356
685121	684381
685121	684408
685121	684904
685121	685076
685121	685104
685121	685105
685121	685108
685121	685112
685121	685117
685121	685120
685121	685122
685121	685123
685121	685124
685121	685126
685121	685131
685121	685156
685203	155458
685203	438238
685203	445947
685203	683705
685203	683730
685203	683741
685203	684356
685203	684380
685203	684381
685203	684408
685203	684904
685203	685076
685203	685156
685203	685176
685203	685187
685203	685191
685203	685193
685203	685194
685203	685195
685203	685197
685124	430540
685124	438238
685124	683705
685124	684356
685124	684381
685124	684408
685124	684904
685124	685076
685124	685104
685124	685105
685124	685108
685124	685125
685124	685126
685124	685127
685124	685128
685124	685131
685124	685156
685137	430614
685137	438238
685137	449544
685137	683705
685137	684356
685137	684381
685137	684408
685137	684904
685137	685076
685137	685138
685137	685139
685137	685140
685137	685141
685137	685142
685137	685143
685137	685144
685137	685145
685137	685156
685152	186968
685152	438238
685152	683705
685152	684356
685152	684381
685152	684408
685152	684410
685152	684485
685152	684506
685152	684578
685152	684581
685152	684584
685152	684592
685152	684598
685152	684604
685152	684607
685152	684617
685152	684621
685152	684629
685152	684632
685152	684667
685152	684904
685152	685076
685152	685156
685196	438238
685196	683705
685196	684356
685196	684381
685196	684408
685196	684904
685196	685076
685196	685156
685196	685193
685158	428689
685158	685165
685105	430493
685105	438238
685105	683705
685105	684356
685105	684381
685105	684408
685105	684904
685105	685076
685105	685104
685105	685108
685105	685124
685105	685131
685105	685156
685202	430875
685081	438238
685081	683705
685081	684356
685081	684381
685081	684408
685081	684580
685081	684612
685081	684655
685081	684672
685081	684698
685081	684904
685081	685076
685081	685077
685081	685078
685081	685079
685081	685080
685081	685082
685081	685084
685081	685086
685081	685087
685081	685088
685081	685089
685081	685090
685081	685156
685080	438238
685080	683705
685080	684356
685080	684381
685080	684408
685080	684904
685080	685076
685080	685077
685080	685078
685080	685079
685080	685081
685080	685082
685080	685084
685080	685085
685080	685086
685080	685087
685080	685088
685080	685089
685080	685090
685080	685156
685078	438238
685078	683705
685078	683766
685078	684356
685078	684381
685078	684406
685078	684408
685078	684904
685078	685076
685078	685077
685078	685079
685078	685080
685078	685081
685078	685082
685078	685084
685078	685086
685078	685087
685078	685088
685078	685089
685078	685090
685078	685156
685089	438238
685089	683705
685089	684356
685089	684381
685089	684408
685089	684904
685089	685076
685089	685077
685089	685078
685089	685079
685089	685080
685089	685081
685089	685082
685089	685084
685089	685086
685089	685087
685089	685088
685089	685090
685089	685104
685089	685156
685086	438238
685086	683705
685086	683736
685086	683741
685086	684356
685086	684381
685086	684408
685086	684904
685086	685076
685086	685077
685086	685078
685086	685079
685086	685080
685086	685081
685086	685082
685086	685084
685086	685087
685086	685088
685086	685089
685086	685090
685086	685156
685087	430472
685084	438238
685084	683705
685084	684356
685084	684381
685084	684408
685084	684904
685084	685076
685084	685077
685084	685078
685084	685079
685084	685080
685084	685081
685084	685082
685084	685086
685084	685087
685084	685088
685084	685089
685084	685090
685084	685136
685084	685156
685083	438238
685083	683705
685083	684356
685083	684381
685083	684408
685083	684904
685083	685076
685083	685077
685083	685078
685083	685079
685083	685080
685083	685081
685083	685082
685083	685084
685083	685086
685083	685087
685083	685088
685083	685089
685083	685090
685083	685156
685079	438238
685079	683705
685079	684356
685079	684381
685079	684408
685079	684904
685079	685076
685079	685077
685079	685078
685079	685080
685079	685081
685079	685082
685079	685084
685079	685086
685079	685087
685079	685088
685079	685089
685079	685090
685079	685156
685082	438238
685082	441563
685082	449544
685082	683705
685082	684356
685082	684381
685082	684408
685082	684904
685082	685076
685082	685077
685082	685078
685082	685079
685082	685080
685082	685081
685082	685084
685082	685086
685082	685087
685082	685088
685082	685089
685082	685090
685082	685153
685082	685156
685090	438238
685090	683705
685090	684356
685090	684381
685090	684408
685090	684904
685090	685076
685090	685077
685090	685078
685090	685079
685090	685080
685090	685081
685090	685082
685090	685084
685090	685086
685090	685087
685090	685088
685090	685089
685090	685156
685088	438238
685088	683705
685088	684356
685088	684381
685088	684408
685088	684904
685088	685076
685088	685077
685088	685078
685088	685079
685088	685080
685088	685081
685088	685082
685088	685084
685088	685086
685088	685087
685088	685089
685088	685090
685088	685156
685085	438238
685085	683705
685085	684356
685085	684381
685085	684408
685085	684904
685085	685076
685085	685077
685085	685078
685085	685079
685085	685080
685085	685081
685085	685082
685085	685084
685085	685086
685085	685087
685085	685088
685085	685089
685085	685090
685085	685156
685136	438238
685136	683705
685136	684356
685136	684381
685136	684408
685136	684904
685136	685076
685136	685156
685091	429856
685091	438238
685091	683705
685091	684356
685091	684381
685091	684408
685091	684904
685091	685076
685091	685156
685093	438238
685093	683705
685093	684356
685093	684381
685093	684408
685093	684904
685093	685076
685093	685156
685095	438238
685095	683705
685095	684356
685095	684381
685095	684408
685095	684904
685095	685076
685095	685156
685096	428428
685096	438238
685096	683705
685096	684356
685096	684381
685096	684408
685096	684580
685096	684904
685096	685076
685096	685156
685097	430485
685098	430171
685098	438238
685098	683705
685098	684356
685098	684381
685098	684408
685098	684904
685098	685076
685098	685156
685099	438238
685099	683705
685099	684356
685099	684378
685099	684381
685099	684408
685099	684409
685099	684555
685099	684576
685099	684580
685099	684593
685099	684594
685099	684605
685099	684608
685099	684610
685099	684613
685099	684616
685099	684622
685099	684626
685099	684630
685099	684633
685099	684659
685099	684669
685099	684670
685099	684672
685099	684873
685099	684904
685099	684932
685099	684938
685099	685076
685099	685077
685099	685083
685099	685100
685099	685101
685099	685137
685099	685156
685099	685157
685099	685205
685157	430644
685205	438238
685205	683705
685205	684356
685205	684381
685205	684408
685205	684904
685205	685076
685205	685156
685100	438238
685100	683705
685100	684356
685100	684381
685100	684408
685100	684904
685100	685076
685100	685156
685102	438238
685102	683705
685102	683979
685102	684356
685102	684381
685102	684408
685102	684904
685102	684906
685102	684943
685102	685076
685102	685156
685129	430550
685106	430498
685107	430499
685112	438238
685112	683705
685112	684356
685112	684381
685112	684408
685112	684904
685112	685076
685112	685104
685112	685105
685112	685106
685112	685107
685112	685108
685112	685110
685112	685113
685112	685114
685112	685115
685112	685116
685112	685124
685112	685126
685112	685131
685112	685156
685122	430537
685120	430535
685123	430539
685126	430544
685117	438238
685117	683705
685117	684356
685117	684381
685117	684408
685117	684904
685117	685076
685117	685104
685117	685105
685117	685106
685117	685107
685117	685108
685117	685109
685117	685110
685117	685113
685117	685116
685117	685118
685117	685119
685117	685124
685117	685126
685117	685131
685117	685156
685109	438238
685109	683705
685109	684356
685109	684381
685109	684408
685109	684904
685109	685076
685109	685104
685109	685105
685109	685108
685109	685110
685109	685111
685109	685124
685109	685126
685109	685131
685109	685156
685111	430506
685110	430502
685113	430511
685116	430517
685114	430513
685115	430515
685118	430527
685119	430529
685125	430542
685128	430548
685127	430546
685133	430602
685132	430600
685148	438238
685148	683705
685148	684356
685148	684381
685148	684408
685148	684904
685148	685076
685148	685156
685146	438238
685146	683705
685146	684356
685146	684381
685146	684408
685146	684904
685146	685076
685146	685147
685146	685156
685144	438238
685144	683705
685144	684356
685144	684381
685144	684408
685144	684904
685144	685076
685144	685138
685144	685139
685144	685140
685144	685142
685144	685143
685144	685145
685144	685156
685140	438238
685140	449544
685140	683705
685140	684356
685140	684381
685140	684408
685140	684904
685140	685076
685140	685138
685140	685139
685140	685141
685140	685142
685140	685143
685140	685144
685140	685145
685140	685156
685138	438238
685138	683705
685138	684356
685138	684381
685138	684408
685138	684904
685138	685076
685138	685139
685138	685140
685138	685143
685138	685144
685138	685145
685138	685156
685141	438238
685141	683705
685141	684356
685141	684381
685141	684408
685141	684904
685141	685076
685141	685139
685141	685140
685141	685144
685141	685145
685141	685156
685143	438238
685143	683705
685143	684356
685143	684381
685143	684408
685143	684904
685143	685076
685143	685138
685143	685139
685143	685140
685143	685141
685143	685142
685143	685144
685143	685145
685143	685156
685142	438238
685142	683705
685142	684356
685142	684381
685142	684408
685142	684904
685142	685076
685142	685138
685142	685139
685142	685140
685142	685141
685142	685143
685142	685144
685142	685145
685142	685156
685145	438238
685145	683705
685145	684356
685145	684381
685145	684408
685145	684651
685145	684904
685145	685076
685145	685138
685145	685139
685145	685140
685145	685142
685145	685143
685145	685144
685145	685156
685139	438238
685139	449544
685139	683705
685139	684356
685139	684381
685139	684408
685139	684904
685139	685076
685139	685138
685139	685140
685139	685142
685139	685143
685139	685144
685139	685145
685139	685156
685147	438238
685147	683705
685147	684356
685147	684381
685147	684408
685147	684904
685147	685076
685147	685146
685147	685156
685150	430214
685151	430222
685155	438238
685155	446105
685155	683705
685155	683752
685155	683979
685155	684356
685155	684381
685155	684408
685155	684904
685155	684946
685155	685076
685155	685156
685155	685193
685165	685160
685165	685162
685165	685164
685165	685166
685165	685167
685165	685168
685165	685170
685165	685172
685165	685174
685159	685163
685159	685164
685159	685165
685159	685174
685159	685175
685164	685165
685164	685174
685163	685164
685163	685165
685163	685174
685175	685163
685175	685164
685175	685165
685175	685174
685174	685164
685174	685165
685160	685161
685161	685163
685161	685164
685161	685165
685161	685174
685161	685175
685162	685159
685166	430661
685168	685169
685170	685171
685172	685173
685167	685163
685167	685164
685167	685165
685167	685174
685167	685175
685169	685165
685171	685163
685171	685164
685171	685165
685171	685174
685171	685175
685173	685165
685176	155744
685176	428428
685176	430673
685176	430678
685176	430686
685176	430687
685176	430688
685176	430689
685176	430691
685176	430692
685176	685186
685186	155744
685186	438238
685186	451100
685186	590515
685186	647245
685177	157277
685177	428428
685177	430672
685177	685178
685177	685179
685177	685180
685177	685181
685177	685182
685177	685183
685177	685184
685177	685185
685183	685178
685183	685179
685183	685180
685183	685181
685183	685182
685183	685184
685183	685185
685181	685178
685181	685179
685181	685180
685181	685182
685181	685183
685181	685184
685181	685185
685184	685178
685184	685179
685184	685180
685184	685181
685184	685182
685184	685183
685184	685185
685185	685178
685185	685179
685185	685180
685185	685181
685185	685182
685185	685183
685185	685184
685178	685179
685178	685180
685178	685181
685178	685182
685178	685183
685178	685184
685178	685185
685179	157277
685179	428428
685182	685178
685182	685179
685182	685180
685182	685181
685182	685183
685182	685184
685182	685185
685180	430672
685180	685178
685180	685179
685180	685181
685180	685182
685180	685183
685180	685184
685180	685185
685190	428428
685190	429347
685190	430204
685190	430461
685190	430642
685190	438238
685190	683705
685190	684356
685190	684381
685190	684408
685190	684904
685190	685076
685190	685156
685190	685188
685190	685189
685188	428428
685188	429347
685188	430204
685188	430461
685188	430642
685188	438238
685188	683705
685188	684356
685188	684381
685188	684408
685188	684904
685188	685076
685188	685156
685188	685189
685188	685190
685189	428428
685189	429347
685189	430204
685189	430461
685189	430642
685189	438238
685189	683705
685189	684356
685189	684381
685189	684408
685189	684904
685189	685076
685189	685156
685189	685188
685189	685190
685191	430698
685191	430699
685191	430700
685191	430701
685191	430713
685191	451020
685194	155458
685194	438238
685194	683705
685194	683741
685194	684356
685194	684380
685194	684381
685194	684408
685194	684904
685194	685076
685194	685155
685194	685156
685194	685193
685194	685195
685194	685197
685194	685203
685195	155458
685195	438238
685195	683705
685195	683741
685195	684356
685195	684380
685195	684381
685195	684408
685195	684904
685195	685076
685195	685156
685195	685194
685195	685203
685197	685193
685198	685150
685198	685151
685199	685200
685199	685201
685200	438238
685200	683705
685200	684356
685200	684381
685200	684408
685200	684904
685200	685076
685200	685156
685201	438238
685201	683705
685201	684356
685201	684381
685201	684408
685201	684904
685201	685076
685201	685156
685227	438238
685227	683705
685227	684356
685227	684381
685227	684408
685227	684904
685227	685076
685227	685156
685227	685225
685227	685226
685227	685228
685227	685229
685227	685230
685226	430944
685230	438238
685230	683705
685230	684356
685230	684381
685230	684408
685230	684904
685230	685076
685230	685156
685230	685225
685230	685226
685230	685227
685230	685228
685230	685229
685228	438238
685228	683705
685228	684356
685228	684381
685228	684408
685228	684904
685228	685076
685228	685156
685228	685225
685228	685226
685228	685227
685228	685229
685228	685230
685229	438238
685229	683705
685229	684356
685229	684381
685229	684408
685229	684904
685229	685076
685229	685156
685229	685225
685229	685226
685229	685227
685229	685228
685229	685230
